[[[[14,7],10],[[3,4],16]],[[1,[0,15]],[10,[[16,7],0]]]]
[[[1272,[1392,1220]],[1307,1991]],[1943,1105]]
[[[12299,11316],[11848,14529]],[18633,16181]]
[[[131981,166246],169011],[[131134,120632],[[148658,147796],125711]]]
[984,[569,887]]
[[993,[663,629]],[[761,[801,615]],[768,511]]]
[[894,638],920]
[[632,911],[523,666]]
[[967,694],[[702,[605,824]],[750,774]]]
[[889,614],[[857,[711,914]],[500,786]]]
[[[588,516],[520,582]],[959,642]]
[633,[575,548]]
[[[[754,879],525],[[572,596],622]],882]
[[726,[554,651]],[850,[986,644]]]
[785,[692,913]]
[[964,560],[[[965,840],[647,637]],[685,505]]]
[714,[[692,792],[803,614]]]
[[819,854],538]
[[912,[891,638]],[549,[737,900]]]
[[805,568],[[[530,933],[939,639]],758]]
[[937,763],[[850,808],[[790,568],787]]]
[[[[846,856],[648,658]],609],[[962,554],[940,603]]]
[[571,[[504,583],[724,569]]],[[517,745],911]]
[[528,673],[[[766,882],941],[939,985]]]
[[[736,824],[880,693]],[632,512]]
[888,[[904,513],950]]
[[[939,585],[697,727]],837]
[[946,780],[[917,808],[768,894]]]
[[672,921],[984,743]]
[[973,979],[[789,858],[972,799]]]
[[[918,750],[984,840]],[931,[727,892]]]
[[711,946],[[851,617],[1000,871]]]
[[[[764,868],[698,875]],967],[[[990,632],[975,1000]],[772,872]]]
[[811,[955,[859,515]]],[934,[599,880]]]
[[[593,[868,532]],[538,804]],[936,800]]
[[987,[828,851]],[[651,514],543]]
[[[601,837],746],[509,[602,586]]]
[819,[[[960,709],[572,831]],[936,[576,575]]]]
[[[850,537],543],[[925,557],899]]
[[531,945],947]
[[[553,983],810],[571,545]]
[[559,[815,500]],[895,[979,608]]]
[[864,545],[673,713]]
[832,[[845,731],[846,695]]]
[[689,[834,[642,677]]],[[[881,680],936],541]]
[[983,845],[[699,[957,911]],[978,909]]]
[652,[[722,909],902]]
[[[577,[698,998]],[537,[912,565]]],[[[794,710],[852,969]],679]]
[[937,805],[871,983]]
[818,[[[791,668],517],[552,777]]]
[[805,522],[688,973]]
[[[510,702],945],759]
[[982,812],[[[699,792],803],[541,597]]]
[[919,623],997]
